function [cmap] = GMT_wysiwygcont(args)
% Edited: Jan. 25th, 2022
%
% Colormap Reference:
% https://www.ncl.ucar.edu/Document/Graphics/ColorTables/GMT_wysiwygcont.shtml
%
% ncolors = 200
% cmap = GMT_wysiwygcont()
% cmap = GMT_wysiwygcont(argumentName, argumentValue)
% 
% INPUT ARGUMENTS:
%   Reverse - Boolean:      Value to Indicate if Colormap will be Reversed
%   Start   - Integer:      Start Index Value
%   End     - Integer:      End Index Value
%   Skip    - Int/Array:    Index Values to Skip
%   Step    - Integer:      Step Index Value
%   Total   - Integer:      Total Number of Colors Evenly Distributed
%   Repeat  - Integer:      Number of times to repeat a color value

arguments
    args.Start (1,1) {mustBeNumeric}
    args.End (1,1) {mustBeNumeric}
    args.Step (1,1) {mustBeNumeric}
    args.Total (1,1) {mustBeNumeric}
    args.Reverse
    args.Repeat
    args.Skip
end

cmap = [[0.25098, 0, 0.276078];...
    [0.25098, 0, 0.326275];...
    [0.25098, 0, 0.376471];...
    [0.25098, 0, 0.426667];...
    [0.25098, 0, 0.476863];...
    [0.25098, 0, 0.527059];...
    [0.25098, 0, 0.577255];...
    [0.25098, 0, 0.627451];...
    [0.25098, 0, 0.677647];...
    [0.25098, 0, 0.727843];...
    [0.238431, 0.012549, 0.765294];...
    [0.213333, 0.037647, 0.79];...
    [0.188235, 0.062745, 0.814706];...
    [0.163137, 0.087843, 0.839412];...
    [0.138039, 0.112941, 0.864118];...
    [0.112941, 0.138039, 0.888824];...
    [0.087843, 0.163137, 0.913529];...
    [0.062745, 0.188235, 0.938235];...
    [0.037647, 0.213333, 0.962941];...
    [0.012549, 0.238431, 0.987647];...
    [0, 0.263529, 1];...
    [0, 0.288627, 1];...
    [0, 0.313725, 1];...
    [0, 0.338824, 1];...
    [0, 0.363922, 1];...
    [0, 0.38902, 1];...
    [0, 0.414118, 1];...
    [0, 0.439216, 1];...
    [0, 0.464314, 1];...
    [0, 0.489412, 1];...
    [0, 0.508235, 1];...
    [0, 0.520784, 1];...
    [0, 0.533333, 1];...
    [0, 0.545882, 1];...
    [0, 0.558431, 1];...
    [0, 0.57098, 1];...
    [0, 0.583529, 1];...
    [0, 0.596078, 1];...
    [0, 0.608627, 1];...
    [0, 0.621176, 1];...
    [0.012549, 0.633725, 1];...
    [0.037647, 0.646275, 1];...
    [0.062745, 0.658824, 1];...
    [0.087843, 0.671373, 1];...
    [0.112941, 0.683922, 1];...
    [0.138039, 0.696471, 1];...
    [0.163137, 0.70902, 1];...
    [0.188235, 0.721569, 1];...
    [0.213333, 0.734118, 1];...
    [0.238431, 0.746667, 1];...
    [0.25098, 0.759216, 1];...
    [0.25098, 0.771765, 1];...
    [0.25098, 0.784314, 1];...
    [0.25098, 0.796863, 1];...
    [0.25098, 0.809412, 1];...
    [0.25098, 0.821961, 1];...
    [0.25098, 0.83451, 1];...
    [0.25098, 0.847059, 1];...
    [0.25098, 0.859608, 1];...
    [0.25098, 0.872157, 1];...
    [0.25098, 0.88451, 1];...
    [0.25098, 0.896667, 1];...
    [0.25098, 0.908824, 1];...
    [0.25098, 0.92098, 1];...
    [0.25098, 0.933137, 1];...
    [0.25098, 0.945294, 1];...
    [0.25098, 0.957451, 1];...
    [0.25098, 0.969608, 1];...
    [0.25098, 0.981765, 1];...
    [0.25098, 0.993922, 1];...
    [0.25098, 1, 0.987647];...
    [0.25098, 1, 0.962941];...
    [0.25098, 1, 0.938235];...
    [0.25098, 1, 0.913529];...
    [0.25098, 1, 0.888824];...
    [0.25098, 1, 0.864118];...
    [0.25098, 1, 0.839412];...
    [0.25098, 1, 0.814706];...
    [0.25098, 1, 0.79];...
    [0.25098, 1, 0.765294];...
    [0.25098, 1, 0.727843];...
    [0.25098, 1, 0.677647];...
    [0.25098, 1, 0.627451];...
    [0.25098, 1, 0.577255];...
    [0.25098, 1, 0.527059];...
    [0.25098, 1, 0.476863];...
    [0.25098, 1, 0.426667];...
    [0.25098, 1, 0.376471];...
    [0.25098, 1, 0.326275];...
    [0.25098, 1, 0.276078];...
    [0.263529, 1, 0.25098];...
    [0.288627, 1, 0.25098];...
    [0.313725, 1, 0.25098];...
    [0.338824, 1, 0.25098];...
    [0.363922, 1, 0.25098];...
    [0.38902, 1, 0.25098];...
    [0.414118, 1, 0.25098];...
    [0.439216, 1, 0.25098];...
    [0.464314, 1, 0.25098];...
    [0.489412, 1, 0.25098];...
    [0.51451, 1, 0.25098];...
    [0.539608, 1, 0.25098];...
    [0.564706, 1, 0.25098];...
    [0.589804, 1, 0.25098];...
    [0.614902, 1, 0.25098];...
    [0.64, 1, 0.25098];...
    [0.665098, 1, 0.25098];...
    [0.690196, 1, 0.25098];...
    [0.715294, 1, 0.25098];...
    [0.740392, 1, 0.25098];...
    [0.765294, 1, 0.25098];...
    [0.79, 1, 0.25098];...
    [0.814706, 1, 0.25098];...
    [0.839412, 1, 0.25098];...
    [0.864118, 1, 0.25098];...
    [0.888824, 1, 0.25098];...
    [0.913529, 1, 0.25098];...
    [0.938235, 1, 0.25098];...
    [0.962941, 1, 0.25098];...
    [0.987647, 1, 0.25098];...
    [1, 0.993922, 0.25098];...
    [1, 0.981765, 0.25098];...
    [1, 0.969608, 0.25098];...
    [1, 0.957451, 0.25098];...
    [1, 0.945294, 0.25098];...
    [1, 0.933137, 0.25098];...
    [1, 0.92098, 0.25098];...
    [1, 0.908824, 0.25098];...
    [1, 0.896667, 0.25098];...
    [1, 0.88451, 0.25098];...
    [1, 0.865882, 0.25098];...
    [1, 0.840784, 0.25098];...
    [1, 0.815686, 0.25098];...
    [1, 0.790588, 0.25098];...
    [1, 0.76549, 0.25098];...
    [1, 0.740392, 0.25098];...
    [1, 0.715294, 0.25098];...
    [1, 0.690196, 0.25098];...
    [1, 0.665098, 0.25098];...
    [1, 0.64, 0.25098];...
    [1, 0.614902, 0.25098];...
    [1, 0.589804, 0.25098];...
    [1, 0.564706, 0.25098];...
    [1, 0.539608, 0.25098];...
    [1, 0.51451, 0.25098];...
    [1, 0.489412, 0.25098];...
    [1, 0.464314, 0.25098];...
    [1, 0.439216, 0.25098];...
    [1, 0.414118, 0.25098];...
    [1, 0.38902, 0.25098];...
    [1, 0.363922, 0.25098];...
    [1, 0.338824, 0.25098];...
    [1, 0.313725, 0.25098];...
    [1, 0.288627, 0.25098];...
    [1, 0.263529, 0.25098];...
    [1, 0.238431, 0.25098];...
    [1, 0.213333, 0.25098];...
    [1, 0.188235, 0.25098];...
    [1, 0.163137, 0.25098];...
    [1, 0.138039, 0.25098];...
    [1, 0.138039, 0.276078];...
    [1, 0.163137, 0.326275];...
    [1, 0.188235, 0.376471];...
    [1, 0.213333, 0.426667];...
    [1, 0.238431, 0.476863];...
    [1, 0.263529, 0.527059];...
    [1, 0.288627, 0.577255];...
    [1, 0.313725, 0.627451];...
    [1, 0.338824, 0.677647];...
    [1, 0.363922, 0.727843];...
    [1, 0.38902, 0.765294];...
    [1, 0.414118, 0.79];...
    [1, 0.439216, 0.814706];...
    [1, 0.464314, 0.839412];...
    [1, 0.489412, 0.864118];...
    [1, 0.51451, 0.888824];...
    [1, 0.539608, 0.913529];...
    [1, 0.564706, 0.938235];...
    [1, 0.589804, 0.962941];...
    [1, 0.614902, 0.987647];...
    [1, 0.64, 0.994118];...
    [1, 0.665098, 0.982353];...
    [1, 0.690196, 0.970588];...
    [1, 0.715294, 0.958824];...
    [1, 0.740392, 0.947059];...
    [1, 0.76549, 0.935294];...
    [1, 0.790588, 0.923529];...
    [1, 0.815686, 0.911765];...
    [1, 0.840784, 0.9];...
    [1, 0.865882, 0.888235];...
    [1, 0.883343, 1];...
    [1, 0.895623, 1];...
    [1, 0.907903, 1];...
    [1, 0.920182, 1];...
    [1, 0.932462, 1];...
    [1, 0.944742, 1];...
    [1, 0.957021, 1];...
    [1, 0.969301, 1];...
    [1, 0.981581, 1];...
    [1, 0.99386, 1]];
